78424301
86302431
20485672
21985553
32119373
27438474
31521254
83886726
59496744
250727678
54199064
11462861
44713555
5556697
5820250
4659654
3537757
17606165
2336114
11645963
17360556
4027679
3944098
3492908
10415729
12908835
4623535
10133838
1557674
8216404
20098523
25783943
38285062
40639307
9218236
17941243
5207766
1131338
9196141
54724587
5632603
5099151
13772502
19281923
3526724
6362791
6128447
118160313
141825906
144404284
145867716
164368152
8535216
44863770
54031814
31205170
6146241
8902979
11482862
18087367
49043843
56503815
65003229
7931792
3854176
8070282
9531977
1097248
5842687
20132866
570091
2059497
35674126
44732909
2032430
7926405
38108718
525806
4200340
8172716
12084402
13829928
23026069
30019816
38596069
46576721
570156
3902920
8922991
10442676
17311916
7743421
2376848
1998470
5120696
8773743
2301989
5931440
801749
1051755
141492
1592259
16254782
30886801
3128994
1452164
5137763
3498950
5095561
155267
3591327
5343217
1252934
729095
8759870
15103705
78454288
104191309
109900082
117002854
119472896
122891198
124750345
128442768
137587085
147204755
3393409
5333026
5772405
15519894
18944101
23545976
25084689
4207417
1388762
9418664
12991568
5010567
1239277
924758
2327841
5812938
9076127
2888809
997303
1064163
1465096
4792139
29027786
2438458
626994
2918791
6212545
22106469
1120307
8610776
2970219
4607456
6332017
10354079
13563525
1062154
4716680
17594837
2604539
3526548
2896829
8920619
3823823
5515880
11335636
5180558
13986430
1866080
3683746
2904523
3055820
1156518
12161281
673800
2323611
11695353
451729
3705535
9610305
12949117
17728390
23809111
29145863
34754116
36282556
2527290
27437563
31882405
35091132
45507607
48603947
54197557
63708699
69836115
71482369
2513216
2758417
3382400
3541569
3705777
6192602
12144474
18636964
22232304
47365286
65316394
70945988
72777826
102339253
105199495
113696874
116352220
119089122
1020369
2563078
905600
6114914
7395821
5138221
860000
4113845
7275651
7974425
13191043
1164790
13149047
4868971
4348249
17829508
7597322
11796616
14685823
16111892
6492292
19492202
1782953
3016332
773360
1689504
6008871
9153252
48080544
56736974
63844610
91857391
473720
3586167
22623381
1047654
5951672
2407330
4995768
7656661
14456511
336094
3997183
11280449
1395231
1777289
7878730
180940
4897489
11094172
13043722
19378990
24714739
488008
6116086
7334374
4527271
1002198
6243335
1682064
1065807
19456112
9256691
16240896
40068363
50940968
57322208
61236884
64663292
67937121
72280125
85261035
90601122
99589346
3216386
398969
6063434
16056920
18571744
2544704
5141289
6949183
17748941
145035
1944340
1622431
7102587
10793583
501510
3724899
6730462
17259862
2806850
2059325
5915598
4946784
5856272
8401454
2565568
3367882
2196206
2642574
7909190
1041494
5378273
3850973
15414318
1464514
3523224
7325955
2674802
1649010
2902629
3132927
6239139
7681556
115648
1480894
5113046
6276711
2925069
4114162
2672228
978819
4184142
101491
2800979
6739248
15210652
18384220
21584861
2044675
2750576
6834204
10924881
8353337
32608970
4283056
33781541
39648754
43653910
70789332
75189287
78260586
81843219
88990548
24497737
28666299
31142594
2104535
3023811
42640569
47201779
73897549
76663257
79573110
86456613
89663974
93322831
94500161
1627815
4715645
1130683
5063067
2007007
161876
5441600
715558
10384184
22346445
27793869
32121708
33414990
12847116
5745363
5167584
6515686
11903218
19778705
27640759
29559439
34908475
1917584
4294021
6833482
2500989
2024080
4513076
10721644
12163958
14755098
40398038
1770500
5163156
2245544
4303239
7453008
1975912
22206663
3951124
1020785
3443127
4708358
5908615
1413525
6933683
12429044
15642744
923147
72502
66923717
87168608
90434241
93565046
105531056
116973963
120154334
126433092
127640069
420699
3664274
7330717
16660589
22169534
4546791
724945
4685633
10228962
44476844
133090739
1941110
5615741
9229778
10364471
11668033
32967241
36237572
347026
4228727
5406136
9491382
21212565
971808
3476600
2806489
4093174
1032976
10829197
4946836
14705779
15993725
1580857
5623842
15580859
1692646
5753851
6993757
10109339
9803019
2289435
10072512
1340868
4525066
2226198
923232
1638361
7181796
14989615
8270111
11521485
3525804
3630661
5000555
999507
2325653
975905
3624086
6865019
435857
1703431
3548210
6620294
1480044
5898378
7097045
8483464
1969934
2148889
54143
3166131
6245355
9656126
1186204
2754332
7486816
3655624
18273035
6301255
8871935
1118980
7543927
33551908
1007454
8658777
47376016
61167968
85295296
197496
1630636
4138094
5481971
9095577
11627595
19931157
23044302
3095061
1277756
5054860
1865130
3022623
11789525
738879
8378178
4414075
1433847
7349502
16022221
17141204
22307618
25293251
37342506
40399977
41726008
46987233
54360143
55688436
58749719
63351655
75670724
78040928
2837901
759711
7102708
9606185
2016449
151026
7040175
10060341
3892470
9333687
23666260
1373071
2904524
14262031
15530365
24686190
46784067
73817014
75933540
78523578
80981239
86936804
97863867
99150633
106672974
109880141
1212912
90812
3209140
328588
2032020
17647282
28165001
2267870
3449543
36359055
38260092
43631915
51573546
52924228
65599716
69836309
75692228
76881057
3248595
6346421
2723636
2601996
5543977
2983259
7412668
9219425
3099018
5609472
11974360
2798346
5568944
10697485
409613
2058386
5746181
11889302
15298623
1212642
2475864
742349
3928114
6858591
1737244
2845004
4234317
7280510
10582816
1005325
7555509
10180071
6794578
10991848
3100841
14937379
16354833
23682601
28868153
19607214
21664511
3182882
1035035
2655037
1867994
11322421
18127169
1621406
427907
4390615
439899
13549997
39981108
47430134
74517876
77896428
80264916
89708150
92938758
80514
3168481
7372521
11071563
3022953
2968741
102860
1508268
2700421
4540225
17247450
22869266
1854852
4005674
4037489
8383060
17980031
21362249
22495531
30935770
34946656
37269799
13522406
14944175
1857602
4375962
403760
4124288
7128817
4926540
7560570
2750049
118847
45755
7918230
26892480
30185508
4361258
11083670
14771032
18117377
22015753
4873411
2331630
2374623
5343347
7778354
1125331
52891415
59072157
92232956
95486032
98672700
105192792
110423274
4973081
6177139
9575309
12623423
1035159
3492844
83912
409887
3853377
439805
1983606
3141247
11174252
3014397
1750661
427942
2840722
4088720
817883
979948
6995384
4844320
850398
1749308
435304
3627077
386125
84400
1322314
3739861
15745286
19180962
25623319
2780045
5774595
415567
4082451
2811883
7168188
2906921
5524332
10822577
1670215
3700671
4613025
2076075
6948032
9204318
23374785
5020666
9768618
14750195
17846753
3535739
3367784
2163612
10435032
34586873
41856446
1231131
93518
1272308
6278120
19204279
2884079
2912198
9499685
428775
13428147
18433084
25367232
1357346
4521394
372123
9167544
10283061
13210173
19433777
3197938
7347183
15273104
18477861
8134582
10141868
46966629
54356913
61436761
63844288
66954585
92469738
93829853
445755
1609151
2748937
3129470
17704091
119318
48463865
64020401
80585763
83887363
85034997
93731043
99722027
92831
11497011
795464
1084781
100704
8811257
11379225
16844911
1033567
4639923
5733580
5452393
9179429
1844957
3055319
8137147
7127197
8339061
11351135
1208015
88331
3256998
10379428
4948591
7986709
10866185
1704062
1066266
4157629
7682911
9310127
12425068
23786196
18277916
19613797
24285399
29496040
3356479
4135587
7867368
8910465
17581582
19382171
794587
2141646
8775902
1993078
3347527
5748261
11551216
15384154
1444673
4629005
10978719
20003009
2135096
6435669
11487293
12519156
21559112
3782653
3524038
8523450
409241
8214492
11367431
14255764
691356
1858028
10539560
13668757
24735795
27685331
10752386
13284797
9297179
3298714
6358994
15549141
17352706
18634197
21535005
26804600
2258051
5929228
7227908
16492399
19574376
26579989
41399086
1331289
6606005
9425466
10576745
14551595
24250992
37357942
38518464
3855923
5063897
8446335
7959185
11192267
12224352
13409204
2851954
2542642
23084132
6381294
16861148
11115584
19347935
29188103
581184
14011759
17109114
2441934
7637136
848521
4362303
8567709
13734513
1065633
5169956
422949
3432456
12691605
13439208
15918762
120445
14217701
19168295
20339980
3182873
3069734
10469239
43883033
16365182
26852380
29885172
40999536
51338745
75265226
429582
1628247
6802329
869118
2280001
3484220
2975755
5425227
20187863
2713790
6897685
6795789
1847612
4848522
9965278
2329746
5990152
425107
1590322
3890257
3079304
4245635
975127
2173146
3271644
18134526
25461969
26680504
3411763
6410563
14684464
2931593
9756398
14778927
2615759
5601114
1322692
2552593
4334060
8230568
10024677
17535329
1967694
7833455
707613
1987095
10288733
9132820
12307724
15222204
80349
1232384
8621365
11530231
2445429
5279076
13888310
7088298
10106653
14194877
8543425
1018464
3823972
13972489
4087152
7228598
10125882
11458914
11782892
13011408
3410506
2575425
937280
414584
2879226
844481
4133189
2365934
8094157
13390350
2373099
1561611
2901328
1503925
1002314
420656
2365384
3587312
6601459
19214446
3353152
8813914
656701
1809367
7100281
7479469
10566730
4657245
13589516
6253749
1591506
5435902
3793248
8543412
30444109
43449886
67069239
70009841
71051128
81243596
82432087
15317772
20792947
165660837
3108598
25508959
285168328
13027297
21375982
7186363
42089376
4197774
1437760
40202109
192841610
14601608
53200726
4727416
3936884
13469773
3688712
25737618
4682180
6240255
1356002
5061733
7789819
6325528
11882638
3297230
3566932
29162454
1270996
1213330
1209560
4430198
11554215
2892701
2689048
15379710
3723498
1265937
3352657
3343206
3177319
2666516
10832621
1125435
3867313
3525922
1211354
35825223
17773935
3245395
2628264
2426633
1149172
3262486
3122082
17488206
5500222
3856375
1266074
4198143
3807138
2645069
3131500
5381890
3355780
6793504
1351445
14101355
6769708
25950105
5017341
6827195
5087595
5763038
3231798
5483260
3078635
5049992
2489519
1919530
5094897
5179524
9693769
5278487
2404248
2968947
2899983
2992175
5205335
8197693
3249426
7172459
2986214
9171851
10174836
3770004
1165760
5180775
3031411
10217186
6309902
42165112
2575340
3016765
4728007
3012958
5868386
1281429
17345083
2427012
21720659
22916491
1206469
3012367
5082222
8650317
4604266
1099085
6370701
1610202
1265464
5204198
7287261
5730566
7291924
3466155
7158973
192742306
1297679
2965659
4097688
5075521
3071683
23922944
1223703
1092292
5073731
10394238
1117533
21569664
25366754
1119635
2943780
24068609
1121697
23364637
11083869
24892906
3006884
3005799
2952738
3034985
1136033
5718609
5067118
6434871
4883640
5117011
6486318
3032620
11580624
1099278
6480471
9749028
3072967
2302941
2371883
9502561
3017384
25434579
3146172
1039927
1189670
7938494
10825126
1152882
3063091
4963864
2939841
2989439
2386503
2942756
1157978
1815334
1107278
1111602
22169416
2933150
4745602
83828853
15454379
2949333
5013481
2989477
3027332
10300004
10179313
2982980
3051958
9297296
7083789
8584856
3072616
1125462
5109284
1111881
19566978
1927199
3119823
5049677
1165929
2971818
2959610
1174105
3021726
24133610
2999434
5070556
4222774
17580723
1148061
17089324
1469534
3095165
12062366
20504719
2880812
2874853
3174678
2802391
1126074
3379058
5765463
2832239
9569731
10273314
5177655
2384321
4935388
7280936
4922169
1500128
2866355
5001807
9671966
1465733
2885692
2779945
4949437
10888426
5958823
2787815
9026084
8088354
3623132
4730369
2967080
5982298
58855681
3065578
3041797
1083958
2423069
59969584
2724044
11912402
2789439
6966594
4929434
11719151
4049965
1096551
2329536
3786527
2843794
3392927
2364312
4889059
16453631
20243332
2893277
57808330
9503569
1080616
2977375
17663234
2203483
6173855
2488627
3018496
2406731
1125154
9766846
2998706
964956
4774739
1055991
6183671
5027345
3329265
5023718
5102245
4747389
9572448
10082279
17453843
4963329
3046474
2388951
22973357
1111383
9652375
2876807
1123345
3623969
6451312
2411436
2684028
57483045
5033110
4827063
21394202
15737979
8002710
11986340
16451246
4764036
3449809
2188513
2274833
2766648
4845891
2775601
10103764
20568148
4771415
4770959
4493762
2899669
5034310
4918769
1778226
6066607
2974235
4759870
1154565
4914742
6328538
3631933
2805335
4797519
20582712
16184604
6185655
55257338
6911167
4776518
2966133
9477538
2861144
2855702
2834859
3424430
7636977
4999782
6280248
5724497
4931621
7001976
2833958
1145845
2361042
6724384
9936940
2675201
2889706
4603426
2742482
4782558
3830249
5020247
5980696
6824149
2846883
2780692
4806438
7011457
4953370
2151142
3491081
12890076
1101612
3334075
4418694
2565468
2267836
6117242
2802964
4730296
4871926
2799209
10774756
1107673
12869674
2713022
888228
10219188
1054240
