107439416
1713556
22777440
25606363
1900955
121450051
3761372
68689106
128627967
146767913
126652213
29003181
22329259
7662549
6979620
1307848
17854242
11344232
5774395
14650061
11042683
10894955
11788204
7631549
6601829
2815788
8502861
5939378
27369706
5638484
13336639
4863813
10885270
2468933
16259827
25544110
17863800
8698975
12436861
66663735
8562173
11042829
20015281
5368985
28256470
2493505
14944262
146976149
22493187
1415452
1720870
16860102
10151579
5375110
10781380
33978483
36867289
3535493
3246068
1253389
58162208
8015034
8625289
23182142
6818613
2706411
1240836
36746522
5258702
36215331
3627388
1205710
26821453
1408769
9864451
33422493
38759172
3163683
3011821
3129683
3019369
1230055
7157685
4951210
6801654
5024496
5699026
8012879
3054340
1272060
5599993
6270408
2438443
17045417
2523670
3032803
5776338
3045206
30868687
1315264
3476960
1189535
16630399
12420844
3004407
3181174
2854205
5719106
1168582
2965630
2856287
1184565
1552988
32151081
3050706
5120094
113784763
18146077
3091760
5126010
1795888
2894746
1205884
2992278
7594810
6657312
7334349
4808648
7299406
7918764
2794240
3046706
1244905
3437279
1651192
13936639
1854664
5930264
1214286
4106109
1168363
2780850
2841688
2938930
22405210
1312830
5938086
2746888
27443955
3904790
13206289
2912004
2781142
13086081
24105852
2858424
2875262
1209061
1164984
3427096
2794891
6707664
3052811
11081026
5932432
2264749
8589817
4563489
2795000
1156067
4737620
8747129
4965425
5009281
1271692
2824986
2953803
5203781
15869151
8303436
3349285
11239927
3185123
2780272
4919580
2877586
4361714
83702757
2776230
2748692
1121067
75952874
16513622
4021834
2806680
7378195
2209380
4859805
8218465
5503381
1137432
2621721
2725096
2725086
3303259
2240824
27368756
5010249
22327389
2859970
86973437
8968876
2780032
1177607
23863081
2234592
6253489
2249732
2455287
3722728
1407681
10978435
2813241
1120283
4758861
1146619
6163904
2732206
7455861
4379354
5485971
10090128
4529555
13448863
24888397
4532585
2720260
2232123
1127673
18746557
8929468
3620529
1102407
3890919
6977357
2222073
2669068
79216113
4481566
4418712
23900102
13499124
7804209
13612514
21465157
2793683
5200495
2198838
2228000
5918379
3486797
3337609
6555124
19576225
4597613
5333368
2748080
3195072
4794093
1657091
5169906
4772607
4361533
4787208
1099590
6968930
7797428
3608516
3068654
5936604
22263498
23875577
5675577
75609208
6862296
4463808
2205019
2735183
2940976
4032698
11133735
3244333
11210074
6559802
3337218
4927547
8706846
1199238
3855623
2275284
6581623
9593917
8034411
3104871
3182083
4774200
3264073
6715120
2925386
7307196
9585101
6994329
3090613
3511803
4510038
9280714
2255049
1206584
3271204
3437079
5701264
4442057
3725124
2703561
7753768
10275640
5404381
5142807
3417349
2700015
6000951
1133695
12315125
2695591
1183328
10004849
1108534
6853801
1095672
5851587
1111929
2687643
17851746
2723550
5081703
5723251
3618793
7843868
2775288
2728591
22985180
6919669
3697943
3811876
13351478
20318248
5406806
67081289
4495010
2697941
22987519
3320016
2724692
2858700
6234036
23214769
3365709
2216873
2229267
7316521
75829730
3336833
22742298
1234461
2270715
4444513
2721385
3174758
1125452
5133727
2683356
1440042
4646735
1423383
33843801
4493863
3023647
8236649
10634616
4725102
3899671
1086226
22976148
5307995
13927782
1167103
4604933
7019225
6996568
1711467
4438473
6737268
10541878
2215651
5211167
3095947
23804647
18309807
1168677
2158679
21567007
3390676
2680293
9976408
1196335
2809740
4058795
17517532
5720919
2938679
5157655
1149350
1108650
7482750
4777634
21091614
2725054
1180128
2850816
103505922
15270559
2732928
2715805
10110256
7624658
2738266
5579637
1160194
15928562
2803537
3301320
8489308
4741300
3363944
4913830
12952265
4661941
75757115
72414012
3157881
3259610
3115261
1130666
1154890
18796658
2727163
22996983
3381387
1137274
3547881
10499718
1164616
2258963
11727395
1134442
1451142
12062501
4625427
8378233
1119259
21024382
3439587
9068156
2895952
2854758
1099563
2761322
9149185
2198864
22380269
1163244
2736383
2189785
10918028
3535365
4652050
7117881
13100504
2798553
3499768
3267269
1121909
8678394
1148168
21937801
2259582
2781031
3769728
5007088
5238136
2257074
22511768
4877041
1146829
1140431
4973116
6238054
1777623
2718389
2700685
2898452
1563825
2800990
2807658
3569269
17166353
6996462
10864496
6687369
5657320
22015599
21583777
6238699
69743321
7285219
19945932
22618943
1306545
2185311
1204613
2771068
2318965
7652133
2710870
3127957
9436615
7594897
3110545
1158473
7642896
6450164
5898568
4909638
19323797
6524267
7880406
18895650
3246302
2723946
84214052
2212775
1070323
4537469
6582495
1184699
2641924
3202194
10904945
2133664
2937489
16631516
2851533
2225743
5393287
14253568
2555803
2690904
23002120
4583995
12524923
1252849
5230299
10175430
1121781
7827646
78270051
21904710
1193263
2336077
2178139
5252460
9901235
1131224
6827638
2797583
15418266
2420417
2702340
3183303
8148809
18080452
9163324
4637708
1092776
77484371
1183478
4547116
7519723
1139642
10820477
2788216
5044143
1121514
9567308
2727725
2722328
2632287
2653004
3036296
7361670
1138857
6521276
11110181
4612315
5637447
2280997
4362369
6426550
4789380
6835498
5770914
2804362
9402721
6610520
5742428
2780204
8614220
5829680
1096671
5264331
2638077
3329018
1262490
12994253
2211770
28310486
2762689
19015846
6553781
1104117
1129662
4405042
22110752
1721097
13136930
3420061
18760393
3163341
8263381
5579567
4574500
3488362
3549779
21261564
28493175
79184570
5785643
22932670
2826044
2198615
8552895
2713875
1424034
2755303
3936005
3403141
3174149
3983579
3397405
8304576
1160950
5621420
9770456
4765224
22735430
4912399
14081763
2782081
8515578
2807939
1147594
7666159
3376963
2147977
10159267
1180175
6123726
2353080
3630960
3222393
2855147
4581447
2354642
4020346
5219992
5139396
7104316
26466205
2788150
12625889
6230411
3301901
2861669
3608444
4460234
2464907
3770156
2684748
2195140
1538042
78663605
2762880
29101164
2789565
2873668
6131324
4477796
7202965
1091817
2753682
2725134
1495173
5996850
5550907
4006524
3043757
7386394
1576707
1195253
7535921
3042964
13491227
1517906
2300035
1174615
1119622
2840426
5366232
4491958
1112224
5376270
6574500
2692834
2881316
4253407
1128504
2279432
10258697
2672780
5202450
2887503
2666873
1447891
3260159
5869932
2690442
14228829
2211249
4577726
2545402
4720836
7020590
19246742
16955765
1963705
12132969
8395538
4588695
2222000
2700929
30236379
3294208
3106424
7348071
20447710
6567792
4781043
3245404
4531060
4792549
11312245
21771594
3715094
9885895
8219183
11329908
4347716
6124467
6114862
2770980
7511963
8218199
1100949
2654842
5842547
3197323
18862743
19813540
2753339
8371228
1696604
78350635
5790871
6570014
2223453
2704116
21616655
1159621
5632196
1120594
1083844
8397819
17301448
7029401
73017582
12693488
14503712
2765809
1105210
7608829
5377117
10975869
10152635
6810641
6963813
4813642
7999006
2175367
4665099
2102497
6506038
7919631
12752211
2682777
11599160
7737597
4387333
14000792
1134654
2761780
12005076
2365089
2816364
15829139
12760390
2668990
2635325
6353097
22950249
2713089
3120160
20995881
2696202
10324861
21799099
1162947
4098314
4957859
2200240
11910787
3288748
1094863
7628516
1717688
4624445
8591988
6004193
27251876
1194011
2222811
20837736
3378734
22711324
2766268
5740803
8260460
2256086
7468811
4348484
1081700
8390458
10654057
11755687
4369962
1462860
20564232
2712434
2700230
5143912
1085633
19221703
2770642
10043460
2670394
13080048
2186050
23687213
4335360
2798857
8199851
9363050
1201693
2618768
5005569
11479495
3313055
21484323
8111158
2691166
6783774
72394248
4486136
4978160
2555010
1092388
3841177
8701280
11485995
1150973
3931294
1134529
8016201
20567260
2864071
1093266
1104492
3568190
10615532
16675186
2666056
9758836
12338288
4386019
9199145
4992693
20681163
2725378
7948157
8716669
1223303
3157919
3893312
4982866
5096567
22073399
1468116
2704495
8156860
21977972
2197042
5501944
22266433
4245985
1183028
9661948
2725497
6514369
75128699
17748893
2297776
2678178
10043705
9151588
20626580
2320624
1189134
4657776
1157285
7234393
1168364
6921169
2233234
12620195
2761659
9908185
7514042
3084879
2730863
4878791
2761426
3184446
6608205
1106688
2175038
6968415
1108977
1421538
1110570
1128610
12836522
6665530
1120474
3505163
2735613
6632729
3036339
9157303
4367207
2686498
12494577
20595352
1131289
1674411
8764176
20301183
6427162
5474756
5650223
2924083
11319017
7735789
19813313
2834474
2759707
5897799
1186144
6796397
2658503
2577383
7610640
13601240
13127062
2673209
2688949
19979384
20511045
5870653
8973819
6945371
2740845
2688309
1320493
11020050
1188721
3347921
10172049
4640996
4103280
2257761
10379282
6135391
4760560
5438747
4500652
7811927
3044361
13952435
5299607
4280537
5934448
11546146
1124862
2761334
6741598
16490911
4592569
3557862
1126186
5045013
11186911
2770067
5091948
8288506
5604540
2747088
7307000
72408097
2262876
17784457
11243991
19774652
2658552
1133317
9402161
1118712
9179681
19449743
132498882
3026603
17464671
68266699
11086589
19188793
7323520
37627816
4153554
1942438
34353591
165010313
13878429
36531030
5536765
4104918
12944507
3880782
23227066
4936429
6408380
1852289
5172207
7071167
5893663
5623033
3054429
3431447
23131956
1739830
1621171
1627104
4496263
10672812
3282217
2919501
14377447
3897649
1718358
3466368
3419461
3259872
2817765
9205331
1492573
2684759
3386235
1618994
24671587
16026218
3366797
2903289
2588368
1506294
3328913
3186165
14312810
5135426
3807302
1629500
3548499
3948941
2924475
3237823
4987269
3167711
6165440
1571184
12646069
6209477
17870853
4738650
6140779
4873695
5440949
2996542
5211563
3145343
4682829
2676510
2175990
4862762
4944929
8922828
3888759
2615891
3057660
2968457
3195362
4918526
7920712
3325517
6376181
3091701
4990451
9936669
3847234
1336113
4900476
3130612
7455528
5353065
22481986
2874019
3120964
4648506
3165801
5666058
1453895
14677636
2719375
20208823
20356502
1640669
3124668
5014667
8556201
4466240
1502159
6186483
2451407
1527130
5000887
6769695
4978430
6790423
3490960
6658171
178423953
1613769
3110201
3208964
4957162
3234784
21220071
1701415
1446417
4889948
9923217
1506042
18887903
22646606
1506243
3126756
21447877
1490159
20833236
10484197
22330059
3179421
3109321
3071556
3175936
1532547
5527104
4973504
6014998
4731251
5033759
6080258
3242158
11170697
1429274
4993204
8852113
3186748
2517790
2638079
9296441
3177084
22697340
3276016
1376345
1616429
7386436
10160428
1530385
3272333
4816624
3118363
3182847
2612307
3121656
1537596
2089586
1460320
1508993
19614631
3099617
4533114
73048937
13981515
3071035
4895384
3095833
3187278
9885143
9703240
3147894
3149705
8849772
6747356
8106265
3261720
1476113
4972721
1473334
18669342
2196180
3328450
4949750
1573152
3090061
3082373
1520731
3202182
21350011
3139811
4969257
3499833
15010244
1576805
15693094
1555671
3279660
10684877
18093206
3032560
3046519
3323303
2900268
1498577
3337493
5507869
3047443
8682289
12446765
5132203
2648747
4830193
6892790
4848752
2259366
3018233
4916963
9272293
2165512
3021164
2954098
4755606
9961269
5736645
2908830
8189000
8233886
3315353
4585911
3175688
6131580
48243316
3245624
3205857
1450775
2661767
49664983
2844969
10470783
2943894
6495276
4845087
11211737
4130320
1494594
2544017
3074774
3028658
3467251
2605820
4760099
14115086
17660998
3037595
47069248
8532648
1456658
3184801
15710083
2374510
5712787
2742781
3197290
2643999
1540167
8861033
3049055
1269394
4609923
1422662
5788876
4909061
3015881
4882325
4992641
4799398
8693148
9616757
14924036
4830383
3188164
2667211
17001337
1485149
8635688
3046764
1401534
3695080
6067357
2673426
2733133
46988449
4948627
4702689
18947304
14754412
7413502
10591174
14139052
4655898
3201762
2413188
2514952
2881176
4882186
2926354
9980288
18228277
4696910
4695774
4560799
3042877
4949785
4806235
2118621
6167813
3239205
4732850
1569984
4806114
6034502
3738881
3015879
4909299
18180637
13920657
5928773
45534339
6531027
4706468
3224475
8319530
3049744
3035664
2978155
3486684
4860602
4864167
5991399
3078129
4864100
6571343
3070012
1495458
2649722
6247820
6433892
2792680
3074363
4603986
2854829
4622256
3086610
4880804
5729306
6426736
3034891
2918490
4704010
6591417
4838842
2323913
3580115
12468785
1412005
3420953
4281166
2732511
2504095
5822769
2975121
4684823
4728517
2938027
10710539
1518264
12009869
2809276
1182032
9769773
1412274
