97464021
117080071
135913128
19436312
110468765
176311178
282508843
229280721
114044893
137228210
152347015
156387229
144690067
187358169
198546535
171228714
91024195
12844965
143677574
152881681
154541741
17713687
119908939
10249986
142006829
150765542
232062226
167631326
192506409
183223608
235822771
102515361
126382801
156927276
157394576
86557006
165098688
182310211
198048562
84611279
79870237
90544702
25279846
56400142
40465245
36420378
28082171
106400910
23260435
29103428
18384549
86550468
18831826
18219485
29876959
18119370
36409521
29151056
33626953
19804936
29773733
13640523
19944186
49265249
18737195
17499770
23530768
17665784
27178839
12955724
171102803
52218781
34663394
36739450
41658563
49765874
37327327
29486139
11611947
28933955
67057669
53454293
52911663
59714245
49363412
78273414
70915786
5847194
66529208
41635798
20645786
92621675
30621349
32662037
85560207
57412216
67942192
38718521
26357744
33404757
24430562
24094058
21007702
32404485
23306976
26042348
20547027
4856559
42175409
26205462
33916876
8907637
27456703
36678217
23774116
35280983
27728898
93788645
54737051
80592001
52645874
54180482
54481932
52103757
39427070
54592179
63481382
38830576
39077344
46748795
68307536
48339639
29522822
30458262
23721340
91430962
87196507
29675702
32556323
133668760
69470321
90474520
59451667
88701941
27114654
31233333
12640702
28096752
25614693
49486630
21286069
43013285
63723909
44933327
15980400
67061177
37091292
12545636
14261286
26758203
36319540
36805320
23903987
19863058
64701813
29827537
21135754
42846470
59789070
33427344
28311731
35687114
58026530
19165490
230746596
4928239
25217002
47266613
30053204
23029169
28917235
36853190
52137574
13459403
54208585
45462947
18275246
17185721
43447754
16904390
33925526
33443033
25163359
46033629
12880580
83801203
43265447
28626590
39367584
40914548
18500507
39649312
28718588
57093484
21977592
17372427
21762038
56329689
21901884
25908499
17290298
17070942
18729339
28654210
21001894
106828977
25608125
27750234
17300438
60603602
23682921
19020890
29447939
23184561
43275266
18085633
55179203
97117186
40548853
15645328
17581437
13970888
2432136
18701527
33920168
36882895
17333038
60589895
12653615
28794663
27112932
61405417
29405618
30463534
12651952
18807768
27511249
17262546
42405893
33586928
161104233
22101702
19760549
16842459
12800826
55311274
17413156
19806319
15630321
47982786
26822604
32168165
2809358
24757651
3939840
25624618
41314673
6056367
64065399
27033113
24736107
8743692
29147544
20799207
16838822
79445053
61897377
19830258
15771590
13039905
17524465
20311120
27703296
13075261
32555468
22387685
29890799
17376470
29494038
16256926
47944061
21546926
18077230
42823645
22730081
16625241
31034083
31259371
25324325
58245340
7008875
32966055
107006316
38826378
19664871
29083945
17072928
84704092
18292175
29607908
3202414
42231546
33839892
16443166
26546505
12856446
19749868
25425279
16572077
25481751
28502697
28102052
27256589
26923566
48914204
15976911
23453305
61657285
33988687
18544533
71683373
16945466
52324620
21751991
18596519
46616466
61823291
34170008
27350764
22855261
83256932
12725111
26317167
20486174
25727632
101491671
19897480
68100495
15593995
23643457
61770902
34536818
41613548
29405999
16088958
31435885
21284935
22991067
17260016
29565872
48495594
32988816
31197653
16747083
43944163
20127961
46674041
17770419
70336965
51989304
60907048
61752018
35703271
45271021
29520171
16270159
23154502
22093019
13318310
27601005
16965791
23643627
19539215
29816536
25658156
23975709
13034852
27830779
13384387
34947665
80338596
80588482
118614883
16787154
11500183
19878839
21791138
43384108
44964260
33736402
67495707
12691388
40871656
19843816
27024223
57191856
16879927
28585896
12751872
22580816
