199953080
12287192
17625178
199581885
87914946
135891481
683717472
350270398
218846664
72065591
14882044
4550381
265139178
41615761
10750326
442390987
104953987
310074764
275343430
8277617
2473106
222008420
139708614
34538057
166583604
182336713
143443592
259750308
56371349
158888074
67104922
207239245
72339998
30023354
389199947
280078545
242233161
17743954
16012237
176699648
218376810
11302795
151622380
30571403
69515537
40524963
43038894
108703330
28045635
88429405
23617710
86012849
24151609
23147259
34573327
23353239
39787160
28993773
37637631
24643972
33485481
19092071
25951263
52242635
22736105
22843132
27403867
22680954
41042308
18404188
155688810
59605496
43112666
41449518
62886993
74237455
59977452
39650619
102795796
38415896
75346141
53524835
54283246
84588643
58580151
89096861
78073305
112918963
72023026
48485466
30034691
96666316
35913670
41639538
76616985
64855791
73009194
48785373
35752817
42079430
29099661
29420628
26161426
37289865
31407367
35120777
26087697
79589422
50365557
72032124
43551753
70861868
111929626
31362011
33209458
43773324
32777455
85533716
64178424
105381844
60833062
64221038
72804820
70972210
48976467
63420505
81269861
47700449
48670049
64017871
79701191
57443742
39106602
35139112
33266141
92811621
90173059
39018247
42233234
148254654
73712863
92131537
67538545
158620920
36521384
40466287
59995501
37929912
67092313
60638509
30650023
57700938
94921673
96225004
145874956
69017372
44304020
17901147
19506043
30375090
47288491
41541724
29158837
25340937
65228470
38917925
26477848
50773887
66732790
42100220
37493834
42357610
60845352
23412776
224201995
157365486
34593007
55228473
38274260
28686125
94863108
46159073
55932014
19738076
56654786
50874701
28325571
23808977
53570544
25330730
42514213
33676683
30301031
56191462
18255108
83785627
48850096
37880143
39145715
45101427
23298665
43838356
33434857
59465224
26833807
22714023
26763658
55893929
26841581
30784766
22676779
22364656
24087041
33424643
26012565
105649725
30442360
35910760
27270578
63315485
28990599
25786620
34236911
48497675
52276767
28967201
59541501
163723524
43261520
21244114
27735957
19294489
81063573
23656500
38314907
42093328
22648665
62751784
18253165
33367842
31883228
63856639
38612219
34031740
18153030
24192201
32231282
22580388
45970990
38191591
154091233
27164172
24929628
22079414
18264206
59020240
22944151
25209580
21547645
70802650
30825176
38441631
27487203
29154082
47216563
35043027
47602457
61875449
66058456
31798364
32855502
65488499
33678586
25756980
22138561
79554662
63761790
25196979
21237055
18631865
22900617
22758068
32184772
18370613
36987880
27324852
36079774
22720577
35098530
21472680
51338208
26774597
23329866
43359635
27700160
18348335
37013322
32688890
30467859
66319655
28061666
41765384
145956841
43598665
25303884
34834911
22435575
85449817
24816738
34665112
49266281
45893083
38479407
25685182
31709309
18435225
25645416
27767158
22011743
30377531
39750413
43969498
34607368
33318176
51529574
21470921
28439919
66771008
36778077
24451477
72517002
22376566
54793055
26885428
23705198
50403119
63088251
38403388
32365256
27656829
80581372
18300222
32682537
86408829
31646447
107629119
25188341
70082631
21103536
29246928
65328430
39590880
46818991
46281926
21583614
35776770
26313448
27907481
22688987
34364268
51754196
38339841
36679520
22425720
46609030
27736320
60056715
23118855
72425289
59041693
63429838
63947892
41614094
53892971
34019205
22370320
28314936
27181356
18600531
31827462
22402080
28740917
24745110
36809143
28563318
29054522
18713858
35373496
35002491
43522964
125061645
79524419
149699033
22149467
73422525
25303681
190020947
47637329
53529147
42619830
69238399
18396609
45356802
81935370
31977327
59298548
22128774
33014924
18389433
27680252
