304945640
26190341
51185753
39303460
389539274
172433491
18976931
593206452
32534376
10886063
138118166
15065947
105695976
206017417
14055497
56825232
190649999
7950491
22942585
269930331
25358003
10773267
307044961
6522729
13930912
11273192
645852719
64348813
24199713
213818324
23620048
7399566
132368203
4901685
161808488
311385486
456820525
130099711
238122167
340973959
203767142
22979926
255904071
194504650
353497559
22211339
16090106
10268354
183682052
24898861
140847110
97690260
17011595
99315828
104741920
61452570
47526172
29650318
44021182
33724207
27423330
23687058
18985187
46900502
38866303
36465640
18568447
56882040
39958306
27486909
31165324
27583248
23596756
44386646
24954908
35011642
49419318
41540372
23815895
22239210
165069084
23636122
23323707
35810226
44598801
40340877
57302495
58492978
126255630
40983589
38530259
42641336
34033428
51018682
26932635
54581713
58156449
52433417
78631889
63768890
67664220
46143699
35336101
39782639
38282465
38935416
156190792
41809758
64932925
58222450
46187154
37101659
37946187
23464362
60837484
27306000
39827869
41181707
39285312
40185015
62253443
102939551
75963683
65934343
41342638
66404401
54980051
40054927
47277129
30509401
45127246
133016578
51582186
44663676
43748938
61550545
44683593
74047072
51845346
81999490
53066318
37054235
159111532
64152698
53580217
30469946
59096022
55987629
68099502
27130171
44158993
41095316
60494942
60046956
69054664
49871814
39277114
103999539
58590975
49347051
72883882
34748880
77307742
61532452
52444992
46643582
58859651
93926812
57820281
61527965
40392424
26233850
58237335
37981875
55173103
26861973
27314714
24521022
63735393
56559254
25337698
50260056
51159513
31653827
45952621
39818146
26815984
40695203
24029038
23522468
44261805
49852988
59774593
42164306
30010145
34144331
54263336
57696704
187390800
29300460
85937009
42868700
40101306
20071286
51437882
32902828
80778176
21546626
26753642
23425175
39043003
27479945
28051238
37274574
28054207
18665835
18861259
18833881
23150028
27267414
25036771
22833501
19145093
21810366
23142652
23215179
22831105
67024319
44199320
74012400
115511095
199342902
28327927
42742045
59747430
38224442
46314604
37920888
45497369
55108393
27546846
42665113
69771223
46449973
31280698
24631979
27069350
21542546
27975709
27727077
18829033
160764597
26560961
31308063
26226237
28171713
46440207
23504837
87076064
34917475
18699530
18793535
18211836
39014475
27968356
29285093
34506689
27798480
41430244
33654689
69326310
38766838
36651009
41018867
38024352
39299518
45084351
35301403
22045980
93061712
72610484
30485970
33887143
106406784
30923131
22556015
54348377
152823132
30339271
29313975
23140057
23508450
21494437
23781328
23412179
23874106
30508758
63745834
44603625
24614011
18960573
25989086
18665866
30139145
23328100
24814032
21175030
27409311
102742943
56287316
38609846
46304132
37514925
27032426
47174001
32221983
18400342
50610885
27118893
18693560
64010171
32854499
24370750
44945720
43577741
31214885
46663199
25096454
43342779
39257791
31113616
35793835
67221953
31932580
29038236
52405633
20171990
21142196
24651196
29293052
34931347
27546673
31177303
26418657
25436080
33264170
37878176
39876807
34617151
27338321
42617599
39432706
78577288
242375504
91442249
40327530
164005859
100543641
32692265
27339942
21605247
19794902
33731925
28921063
33946675
41058072
35546262
31201011
72950545
23705412
39286719
32778507
30193933
36841238
25137628
31478971
50268379
134633105
39446142
68232321
30845119
44359048
70618446
28154834
27005770
18748190
38109896
39144084
69631149
42490134
30744222
52258701
27928020
36433634
66138064
77549652
35471950
31551686
34877215
38354607
51756119
67015589
24559123
32179295
54005446
56161810
35471803
43760531
18713306
42214000
32122377
34562451
53193967
35716743
28050907
24391602
18647165
26452393
