90681883
128738118
187903288
38417751
427988867
106485124
125450042
189817848
215937245
226399396
374891600
389492261
65285441
202530000
216990636
39790506
96462297
104129357
128612790
178978823
203962320
214317679
163120275
168997791
179477197
190523525
3835478
61822687
85211423
137673897
162262653
168860119
11177264
16679716
77509287
178334994
230834334
113069712
214440587
205398073
105723373
117486062
170177086
42923801
167882081
181636996
196634591
206593439
96721673
120877881
40218077
93812612
115108284
24338395
51602043
50959035
42215263
24214323
36283049
25577797
20926415
18274217
13484982
47218699
33504081
32910544
13269958
52998505
40235975
22937003
26424344
22684191
18249315
39728126
19648942
30617294
45367677
36947483
18486667
17188870
175414149
18071199
18249704
26898976
35508495
35340286
48867228
41603056
7459625
31980422
35032103
30678497
24627362
31636524
18006016
33306954
45217085
43077003
57510060
55822283
52617927
36173391
26057707
30898485
29048329
33772625
155008630
32917968
57182200
50224128
37030199
27548127
28528718
18051961
61237953
23754516
30484188
36977129
34560822
32250377
53507103
33248659
54934257
57900673
35917220
61671169
46521904
31205698
38688190
20957994
38421577
135350286
42330230
35435112
34501963
53257478
35376211
54941088
48043098
63827315
45330999
32073975
150521580
55730858
44593179
21712980
46023982
47532294
55320440
21570539
38931594
31500703
51680484
50903124
51759140
45306117
29749948
78100460
41106104
37063315
67633954
25452905
76017991
16731672
15763448
34153769
8294330
78008316
53045964
56700376
29951241
20910140
48371702
33196012
51443656
22022074
22688486
19207669
62140821
54145371
18884640
41461170
47839407
26396482
37209444
34622743
21397254
35702604
18547356
18250107
39983296
45033362
51040821
33147368
21482810
18768285
15873902
45124833
2128815
23838843
82070922
37590373
10915705
14631384
47307363
23384569
16401093
16181685
20602167
18007092
36352973
22423904
23034559
32806855
22250545
13244810
13203881
13391234
17873484
21818275
19822841
17551409
13389539
16595739
17815007
17853933
17460899
64726655
40050133
69608599
54624456
10745060
22910319
34875072
6508119
32203614
40871186
34456853
39864538
49270154
22494732
34223455
11127270
42374274
26149363
19435820
21789413
16168827
24093639
22408272
13190088
164570289
16902155
26596130
21209433
22890206
46566836
18505533
86179982
30524442
13120284
13366184
12860945
34730791
22838119
25011604
29211654
22517743
12748847
28604607
9808318
32947559
26946856
36249051
30306269
33934731
33439054
29888613
16490668
11059065
70828251
20242815
6677792
106505539
26394896
17187925
51268274
163028016
26547861
24351895
18852623
19645285
16110650
18658467
18091920
18578166
25693194
61045747
40790573
19806156
13383141
21073888
13235618
26608610
18193931
19546268
16002143
23606428
35727488
15602720
30584716
38346686
4512651
19550665
42383879
6509004
12906590
45724920
22017246
12999747
44913899
4286437
16992964
28643630
39040362
26143372
41931204
19448877
38925431
29719763
21388808
30579567
672526
26826890
23768791
49338323
14697245
15954416
19372150
25161225
30097406
22403754
26344961
21154922
20437294
32509960
33744732
35796572
30214011
22670659
33213354
30041832
18932079
38448026
18127154
33829444
15174465
61846563
27909818
22120616
16057678
14269036
28948886
23499794
28991974
36409628
29955628
25662636
64985671
17873491
33706324
26473796
24076347
31171025
20806378
23317299
38016990
34862708
34767608
65738805
25927245
40467048
68280732
22384448
21824645
13278706
33546361
34447392
75213148
31642289
21884884
44539146
10503409
28896294
55124223
63749491
25501105
26875081
27183755
33470285
40264074
62543907
18923108
26720601
45393528
44213668
24343098
37460367
13718598
35367227
25536123
29691700
49399864
30884143
22805422
18802341
13098948
21430029
